
Analyzing anchors... anchors/target = 4.39, Best Possible Recall (BPR) = 0.9992
                 all         133         330           0           0     0.00366    0.000748
                 all         133         330           0           0     0.00394    0.000909
                 all         133         330           0           0     0.00365    0.000839
                 all         133         330           0           0     0.00383    0.000877
                 all         133         330           0           0     0.00351     0.00079
                 all         133         330           0           0     0.00432    0.000898
                 all         133         330     0.00442      0.0242     0.00268    0.000626
                 all         133         330           0           0     0.00339    0.000789
                 all         133         330           0           0     0.00391    0.000867
